        self.weights = [
        2.17985806e-01,
        6.01901694e-02,
        5.28099419e-01,
        0.14174161e-01,
        2.45876460e-01,
        2.19263225e-01,
        1.00816031e-01,
        1.06477027e-01,
        1.60378048e-03,
        5.79940520e-03,
        1.89163517e-02,
        1.68341118e-02,
        1.18885069e-01,
        2.68984406e-02,
        9.30754965e-03,
        1.78371552e-03,
        1.77288605e-03,
        2.37539365e-03,
        5.50162160e-05,
        1.10308137e-04,
        5.51531014e-05,
        5.35273441e-05,
        2.31964872e-01,
        1.68415302e-04,
        2.24946972e-01,
        ]