3.53942856e-01
3.70786996e-01
4.25952535e-01
-7.24729851e-01
7.71100670e-02
1.03725495e-02
2.20283526e-02
2.51275600e-02
-8.20929640e-03
1.27476133e-02
9.15272125e-03
-3.66140450e-03
8.86117041e-03
1.45973335e-03
1.60986864e-02
9.40392547e-03
-6.98016851e-03
-1.39062658e-02
-9.57004368e-03
4.46804246e-03
6.64478207e-04
2.35910248e-04

0.33787449, 
0.36668006, 
0.44522996,
-0.70455455, 
0.10477299, 
0.01112809, 
0.02541332, 
0.0307028, 
-0.01074944, 
0.00864393, 
0.00567419, 
-0.0106415, 
0.00210938, 
-0.01080395, 
0.01453625, 
0.0069644, 
-0.01160144, 
-0.02078231, 
-0.00991475, 
0.0014042, 
0.00119574, 
-0.00497866, 
0.00898926

[ 0.33787449  0.36668006  0.44522996 -0.70455455  0.10477299  0.01112809
  0.02541332  0.0307028  -0.01074944  0.00864393  0.00567419 -0.0106415
  0.00210938 -0.01080395  0.01453625  0.0069644  -0.01160144 -0.02078231
 -0.00991475  0.0014042   0.00119574 -0.00497866  0.00898926]
